# Created by Octave 4.0.1, Sat Oct 21 14:00:53 2017 Pacific Daylight Time <unknown@ESHIU-KJSBS>
# name: ans
# type: matrix
# rows: 2
# columns: 2
 2.718281828459045 7.38905609893065
 20.08553692318767 54.59815003314424


